Webots Project File version R2025a
perspectives: 000000ff00000000fd00000002000000010000021b00000306fc0200000001fb0000001400540065007800740045006400690074006f00720100000000000003060000008a00ffffff0000000300000780000000dafc0100000003fb0000000e0043006f006e0073006f006c006501000000000000073f0000000000000000fc00000000000007800000008700fffffffa000000000100000001fb0000001a0043006f006e0073006f006c00650041006c006c0041006c006c0100000000ffffffff0000008700fffffffb0000001a0043006f006e0073006f006c00650041006c006c0041006c006c0100000000000006c00000000000000000000005630000030600000001000000020000000100000008fc00000000
simulationViewPerspectives: 000000ff0000000100000002000001070000035f0100000002010000000101
sceneTreePerspectives: 000000ff00000001000000030000001e000000c0000000fa0100000002010000000201
maximizedDockId: -1
centralWidgetVisible: 1
orthographicViewHeight: 1
textFiles: 0 "../../../../../../../Users/bblais/Documents/Git/AI-and-Robotics-Fall-2025-Class-Notebooks/Sprint #3 - Robots/2025-10-27 - First Project/controllers/my_first_controller/my_first_controller.py"
consoles: Console:All:All
renderingDevicePerspectives: e-puck:camera;1;1;0;0
renderingDevicePerspectives: e-puck:overhead_camera;1;1.025;0.0195228;0.163102
