Webots Project File version R2025a
perspectives: 000000ff00000000fd00000002000000010000020d00000329fc0200000001fb0000001400540065007800740045006400690074006f00720100000000000003290000008b00ffffff00000003000006c0000000d9fc0100000001fb0000001a0043006f006e0073006f006c00650041006c006c0041006c006c0100000000000006c00000008700ffffff000004b10000032900000001000000020000000100000008fc00000000
simulationViewPerspectives: 000000ff000000010000000200000178000001e60100000002010000000100
sceneTreePerspectives: 000000ff00000001000000030000001e000000c0000000fa0100000002010000000200
maximizedDockId: -1
centralWidgetVisible: 1
orthographicViewHeight: 1
textFiles: 0 "controllers/my_controller/my_controller.py" "controllers/overhead_camera_controller/overhead_camera_controller.py"
consoles: Console:All:All
renderingDevicePerspectives: khepera:camera;1;2.3125;7.43215e-08;0.00267023
renderingDevicePerspectives: overhead_camera:overhead_camera;1;0.186686;0.748481;0.00819672
